13.598095 -0.005242 0.000579 0.000000 0.000000 0.000000 0.000000 0.000000 0.000000
13.589970 1.184333 -0.000032 0.000000 0.000000 0.000000 0.000000 0.000000 0.000000
13.465595 2.370857 0.000579 0.000000 0.000000 0.000000 0.000000 0.000000 0.000000
13.231845 3.541511 0.000579 0.000000 0.000000 0.000000 0.000000 0.000000 0.000000
12.886220 4.685920 0.000579 0.000000 0.000000 0.000000 0.000000 0.000000 0.000000
12.436220 5.793708 0.000579 0.000000 0.000000 0.000000 0.000000 0.000000 0.000000
11.885595 6.857551 0.000579 0.000000 0.000000 0.000000 0.000000 0.000000 0.000000
11.243720 7.868293 0.000579 0.000000 0.000000 0.000000 0.000000 0.000000 0.000000
10.516220 8.817390 0.000579 0.000000 0.000000 0.000000 0.000000 0.000000 0.000000
9.706220 9.703010 0.000579 0.000000 0.000000 0.000000 0.000000 0.000000 0.000000
8.821220 10.505622 -0.000032 0.000000 0.000000 0.000000 0.000000 0.000000 0.000000
7.863720 11.225227 -0.000032 0.000000 0.000000 0.000000 0.000000 0.000000 0.000000
6.846845 11.855110 -0.000032 0.000000 0.000000 0.000000 0.000000 0.000000 0.000000
5.779970 12.390998 -0.000032 0.000000 0.000000 0.000000 0.000000 0.000000 0.000000
4.671220 12.824348 0.000579 0.000000 0.000000 0.000000 0.000000 0.000000 0.000000
3.528720 13.153938 -0.000032 0.000000 0.000000 0.000000 0.000000 0.000000 0.000000
2.361845 13.374275 0.000579 0.000000 0.000000 0.000000 0.000000 0.000000 0.000000
1.182470 13.484748 0.000579 0.000000 0.000000 0.000000 0.000000 0.000000 0.000000
0.001220 13.494514 0.000579 0.000000 0.000000 0.000000 0.000000 0.000000 0.000000
-1.173155 13.385871 -0.000032 0.000000 0.000000 0.000000 0.000000 0.000000 0.000000
-2.324405 13.166145 -0.000032 0.000000 0.000000 0.000000 0.000000 0.000000 0.000000
-3.443780 12.843879 -0.000032 0.000000 0.000000 0.000000 0.000000 0.000000 0.000000
-4.529405 12.439827 0.000579 0.000000 0.000000 0.000000 0.000000 0.000000 0.000000
-5.617530 12.043098 -0.000032 0.000000 0.000000 0.000000 0.000000 0.000000 0.000000
-6.661280 11.533454 -0.000032 0.000000 0.000000 0.000000 0.000000 0.000000 0.000000
-7.655030 10.923713 0.000579 0.000000 0.000000 0.000000 0.000000 0.000000 0.000000
-8.583780 10.230354 -0.000032 0.000000 0.000000 0.000000 0.000000 0.000000 0.000000
-9.446280 9.445442 -0.000032 0.000000 0.000000 0.000000 0.000000 0.000000 0.000000
-10.236905 8.583625 0.000579 0.000000 0.000000 0.000000 0.000000 0.000000 0.000000
-10.931905 7.656501 -0.000032 0.000000 0.000000 0.000000 0.000000 0.000000 0.000000
-11.560030 6.673225 -0.000032 0.000000 0.000000 0.000000 0.000000 0.000000 0.000000
-12.090030 5.633186 0.000579 0.000000 0.000000 0.000000 0.000000 0.000000 0.000000
-12.527530 4.560798 0.000579 0.000000 0.000000 0.000000 0.000000 0.000000 0.000000
-12.870655 3.444465 -0.000032 0.000000 0.000000 0.000000 0.000000 0.000000 0.000000
-13.111905 2.315315 -0.000032 0.000000 0.000000 0.000000 0.000000 0.000000 0.000000
-13.262530 1.158088 -0.000032 0.000000 0.000000 0.000000 0.000000 0.000000 0.000000
-13.306280 0.000862 -0.000032 0.000000 0.000000 0.000000 0.000000 0.000000 0.000000
-13.248155 -1.167351 0.000579 0.000000 0.000000 0.000000 0.000000 0.000000 0.000000
-13.083780 -2.312371 0.000579 0.000000 0.000000 0.000000 0.000000 0.000000 0.000000
-12.820655 -3.441521 0.000579 0.000000 0.000000 0.000000 0.000000 0.000000 0.000000
-12.461280 -4.540764 -0.000032 0.000000 0.000000 0.000000 0.000000 0.000000 0.000000
-12.002530 -5.602166 -0.000032 0.000000 0.000000 0.000000 0.000000 0.000000 0.000000
-11.453155 -6.618401 -0.000032 0.000000 0.000000 0.000000 0.000000 0.000000 0.000000
-10.810030 -7.573601 0.000579 0.000000 0.000000 0.000000 0.000000 0.000000 0.000000
-10.087530 -8.469597 0.000579 0.000000 0.000000 0.000000 0.000000 0.000000 0.000000
-9.284405 -9.288689 -0.000032 0.000000 0.000000 0.000000 0.000000 0.000000 0.000000
-8.420655 -10.038201 -0.000032 0.000000 0.000000 0.000000 0.000000 0.000000 0.000000
-7.559405 -10.798699 0.000579 0.000000 0.000000 0.000000 0.000000 0.000000 0.000000
-6.621280 -11.470696 -0.000032 0.000000 0.000000 0.000000 0.000000 0.000000 0.000000
-5.619405 -12.049920 -0.000032 0.000000 0.000000 0.000000 0.000000 0.000000 0.000000
-4.566905 -12.544304 0.000579 0.000000 0.000000 0.000000 0.000000 0.000000 0.000000
-3.469405 -12.940423 -0.000032 0.000000 0.000000 0.000000 0.000000 0.000000 0.000000
-2.335030 -13.231560 -0.000032 0.000000 0.000000 0.000000 0.000000 0.000000 0.000000
-1.176280 -13.421990 -0.000032 0.000000 0.000000 0.000000 0.000000 0.000000 0.000000
-0.001905 -13.508049 -0.000032 0.000000 0.000000 0.000000 0.000000 0.000000 0.000000
1.181845 -13.490349 -0.000032 0.000000 0.000000 0.000000 0.000000 0.000000 0.000000
2.358095 -13.367058 -0.000032 0.000000 0.000000 0.000000 0.000000 0.000000 0.000000
3.519970 -13.136345 -0.000032 0.000000 0.000000 0.000000 0.000000 0.000000 0.000000
4.659970 -12.801873 -0.000032 0.000000 0.000000 0.000000 0.000000 0.000000 0.000000
5.764970 -12.363640 -0.000032 0.000000 0.000000 0.000000 0.000000 0.000000 0.000000
6.828095 -11.827752 0.000579 0.000000 0.000000 0.000000 0.000000 0.000000 0.000000
7.838095 -11.197258 -0.000032 0.000000 0.000000 0.000000 0.000000 0.000000 0.000000
8.788095 -10.476433 0.000579 0.000000 0.000000 0.000000 0.000000 0.000000 0.000000
9.668720 -9.671990 -0.000032 0.000000 0.000000 0.000000 0.000000 0.000000 0.000000
10.475595 -8.795525 -0.000032 0.000000 0.000000 0.000000 0.000000 0.000000 0.000000
11.197470 -7.845818 0.000579 0.000000 0.000000 0.000000 0.000000 0.000000 0.000000
11.826845 -6.833245 -0.000032 0.000000 0.000000 0.000000 0.000000 0.000000 0.000000
12.358720 -5.768792 0.000579 0.000000 0.000000 0.000000 0.000000 0.000000 0.000000
12.788720 -4.659783 -0.000642 0.000000 0.000000 0.000000 0.000000 0.000000 0.000000
13.097470 -3.515374 0.000579 0.000000 0.000000 0.000000 0.000000 0.000000 0.000000
13.289970 -2.350213 0.000579 0.000000 0.000000 0.000000 0.000000 0.000000 0.000000
13.491845 -1.188103 -0.000032 0.000000 0.000000 0.000000 0.000000 0.000000 0.000000
