13.603720 -0.002800 0.000579 0.000000 0.000000 0.000000 0.000000 0.000000 0.000000
13.581220 1.182502 0.000579 0.000000 0.000000 0.000000 0.000000 0.000000 0.000000
13.458720 2.369026 0.001189 0.000000 0.000000 0.000000 0.000000 0.000000 0.000000
13.225595 3.538459 0.000579 0.000000 0.000000 0.000000 0.000000 0.000000 0.000000
12.877470 4.684089 0.001189 0.000000 0.000000 0.000000 0.000000 0.000000 0.000000
12.431845 5.790657 0.000579 0.000000 0.000000 0.000000 0.000000 0.000000 0.000000
11.882470 6.858772 0.001189 0.000000 0.000000 0.000000 0.000000 0.000000 0.000000
11.241220 7.868293 0.000579 0.000000 0.000000 0.000000 0.000000 0.000000 0.000000
10.516220 8.816780 0.000579 0.000000 0.000000 0.000000 0.000000 0.000000 0.000000
9.704970 9.701179 0.000579 0.000000 0.000000 0.000000 0.000000 0.000000 0.000000
8.819345 10.501960 0.000579 0.000000 0.000000 0.000000 0.000000 0.000000 0.000000
7.863720 11.224006 0.000579 0.000000 0.000000 0.000000 0.000000 0.000000 0.000000
6.846220 11.852668 0.000579 0.000000 0.000000 0.000000 0.000000 0.000000 0.000000
5.778720 12.387947 0.000579 0.000000 0.000000 0.000000 0.000000 0.000000 0.000000
4.669345 12.818855 0.000579 0.000000 0.000000 0.000000 0.000000 0.000000 0.000000
3.525595 13.142952 0.000579 0.000000 0.000000 0.000000 0.000000 0.000000 0.000000
2.361220 13.370613 0.000579 0.000000 0.000000 0.000000 0.000000 0.000000 0.000000
1.182470 13.482917 0.000579 0.000000 0.000000 0.000000 0.000000 0.000000 0.000000
0.001220 13.489631 0.000579 0.000000 0.000000 0.000000 0.000000 0.000000 0.000000
-1.172530 13.379768 0.000579 0.000000 0.000000 0.000000 0.000000 0.000000 0.000000
-2.323780 13.164314 0.000579 0.000000 0.000000 0.000000 0.000000 0.000000 0.000000
-3.441905 12.832283 0.000579 0.000000 0.000000 0.000000 0.000000 0.000000 0.000000
-4.520030 12.413581 0.000579 0.000000 0.000000 0.000000 0.000000 0.000000 0.000000
-5.615030 12.036994 0.000579 0.000000 0.000000 0.000000 0.000000 0.000000 0.000000
-6.656905 11.524299 0.000579 0.000000 0.000000 0.000000 0.000000 0.000000 0.000000
-7.651280 10.919441 0.000579 0.000000 0.000000 0.000000 0.000000 0.000000 0.000000
-8.581280 10.226081 0.000579 0.000000 0.000000 0.000000 0.000000 0.000000 0.000000
-9.446905 9.446052 -0.000032 0.000000 0.000000 0.000000 0.000000 0.000000 0.000000
-10.238155 8.583625 0.000579 0.000000 0.000000 0.000000 0.000000 0.000000 0.000000
-10.942530 7.662605 0.000579 0.000000 0.000000 0.000000 0.000000 0.000000 0.000000
-11.563155 6.674446 0.000579 0.000000 0.000000 0.000000 0.000000 0.000000 0.000000
-12.095030 5.634407 0.000579 0.000000 0.000000 0.000000 0.000000 0.000000 0.000000
-12.531905 4.561409 0.000579 0.000000 0.000000 0.000000 0.000000 0.000000 0.000000
-12.876905 3.445686 0.001189 0.000000 0.000000 0.000000 0.000000 0.000000 0.000000
-13.120030 2.316536 0.000579 0.000000 0.000000 0.000000 0.000000 0.000000 0.000000
-13.268155 1.156868 0.000579 0.000000 0.000000 0.000000 0.000000 0.000000 0.000000
-13.312530 -0.000969 0.000579 0.000000 0.000000 0.000000 0.000000 0.000000 0.000000
-13.256280 -1.167962 0.000579 0.000000 0.000000 0.000000 0.000000 0.000000 0.000000
-13.091905 -2.314812 0.000579 0.000000 0.000000 0.000000 0.000000 0.000000 0.000000
-12.833780 -3.446404 0.001189 0.000000 0.000000 0.000000 0.000000 0.000000 0.000000
-12.467530 -4.543816 0.000579 0.000000 0.000000 0.000000 0.000000 0.000000 0.000000
-12.013155 -5.608269 0.000579 0.000000 0.000000 0.000000 0.000000 0.000000 0.000000
-11.460655 -6.623284 0.000579 0.000000 0.000000 0.000000 0.000000 0.000000 0.000000
-10.819405 -7.580925 0.000579 0.000000 0.000000 0.000000 0.000000 0.000000 0.000000
-10.093155 -8.474480 0.000579 0.000000 0.000000 0.000000 0.000000 0.000000 0.000000
-9.288780 -9.294182 0.000579 0.000000 0.000000 0.000000 0.000000 0.000000 0.000000
-8.423155 -10.042473 -0.000032 0.000000 0.000000 0.000000 0.000000 0.000000 0.000000
-7.559405 -10.800530 0.000579 0.000000 0.000000 0.000000 0.000000 0.000000 0.000000
-6.620655 -11.470086 0.000579 0.000000 0.000000 0.000000 0.000000 0.000000 0.000000
-5.620030 -12.052361 0.000579 0.000000 0.000000 0.000000 0.000000 0.000000 0.000000
-4.567530 -12.547356 0.000579 0.000000 0.000000 0.000000 0.000000 0.000000 0.000000
-3.469405 -12.942254 0.000579 0.000000 0.000000 0.000000 0.000000 0.000000 0.000000
-2.335030 -13.234002 0.000579 0.000000 0.000000 0.000000 0.000000 0.000000 0.000000
-1.176280 -13.423821 0.000579 0.000000 0.000000 0.000000 0.000000 0.000000 0.000000
-0.001905 -13.510491 -0.000032 0.000000 0.000000 0.000000 0.000000 0.000000 0.000000
1.181845 -13.492791 -0.000032 0.000000 0.000000 0.000000 0.000000 0.000000 0.000000
2.358095 -13.368889 0.000579 0.000000 0.000000 0.000000 0.000000 0.000000 0.000000
3.519970 -13.138176 -0.000032 0.000000 0.000000 0.000000 0.000000 0.000000 0.000000
4.659970 -12.803093 0.000579 0.000000 0.000000 0.000000 0.000000 0.000000 0.000000
5.764970 -12.364861 -0.000032 0.000000 0.000000 0.000000 0.000000 0.000000 0.000000
6.827470 -11.828362 0.000579 0.000000 0.000000 0.000000 0.000000 0.000000 0.000000
7.836845 -11.196648 -0.000032 0.000000 0.000000 0.000000 0.000000 0.000000 0.000000
8.786845 -10.477044 0.000579 0.000000 0.000000 0.000000 0.000000 0.000000 0.000000
9.668720 -9.672600 0.000579 0.000000 0.000000 0.000000 0.000000 0.000000 0.000000
10.473095 -8.794304 -0.000032 0.000000 0.000000 0.000000 0.000000 0.000000 0.000000
11.194970 -7.843987 0.000579 0.000000 0.000000 0.000000 0.000000 0.000000 0.000000
11.825595 -6.833855 0.000579 0.000000 0.000000 0.000000 0.000000 0.000000 0.000000
12.355595 -5.768792 0.000579 0.000000 0.000000 0.000000 0.000000 0.000000 0.000000
12.783720 -4.659783 -0.000032 0.000000 0.000000 0.000000 0.000000 0.000000 0.000000
13.096845 -3.516594 0.000579 0.000000 0.000000 0.000000 0.000000 0.000000 0.000000
13.286220 -2.350213 0.000579 0.000000 0.000000 0.000000 0.000000 0.000000 0.000000
13.486220 -1.188103 0.000579 0.000000 0.000000 0.000000 0.000000 0.000000 0.000000
